0.241551 1.0 -5.0 1.0 -131.600 57.000 14.700 -18.900 -84.000 16.800 
0.226168 1.0 -4.8 1.0 -123.352 53.360 13.804 -17.748 -78.880 15.776 
0.211292 1.0 -4.6 1.0 -115.368 49.840 12.936 -16.632 -73.920 14.784 
0.196923 1.0 -4.4 1.0 -107.648 46.440 12.096 -15.552 -69.120 13.824 
0.183061 1.0 -4.2 1.0 -100.192 43.160 11.284 -14.508 -64.480 12.896 
0.169705 1.0 -4.0 1.0 -93.000 40.000 10.500 -13.500 -60.000 12.000 
0.156856 1.0 -3.8 1.0 -86.072 36.960 9.744 -12.528 -55.680 11.136 
0.144514 1.0 -3.6 1.0 -79.408 34.040 9.016 -11.592 -51.520 10.304 
0.132679 1.0 -3.4 1.0 -73.008 31.240 8.316 -10.692 -47.520 9.504 
0.121351 1.0 -3.2 1.0 -66.872 28.560 7.644 -9.828 -43.680 8.736 
0.110530 1.0 -3.0 1.0 -61.000 26.000 7.000 -9.000 -40.000 8.000 
0.100216 1.0 -2.8 1.0 -55.392 23.560 6.384 -8.208 -36.480 7.296 
0.090408 1.0 -2.6 1.0 -50.048 21.240 5.796 -7.452 -33.120 6.624 
0.081107 1.0 -2.4 1.0 -44.968 19.040 5.236 -6.732 -29.920 5.984 
0.072313 1.0 -2.2 1.0 -40.152 16.960 4.704 -6.048 -26.880 5.376 
0.064026 1.0 -2.0 1.0 -35.600 15.000 4.200 -5.400 -24.000 4.800 
0.056246 1.0 -1.8 1.0 -31.312 13.160 3.724 -4.788 -21.280 4.256 
0.048972 1.0 -1.6 1.0 -27.288 11.440 3.276 -4.212 -18.720 3.744 
0.042206 1.0 -1.4 1.0 -23.528 9.840 2.856 -3.672 -16.320 3.264 
0.035946 1.0 -1.2 1.0 -20.032 8.360 2.464 -3.168 -14.080 2.816 
0.030193 1.0 -1.0 1.0 -16.800 7.000 2.100 -2.700 -12.000 2.400 
0.024947 1.0 -0.8 1.0 -13.832 5.760 1.764 -2.268 -10.080 2.016 
0.020208 1.0 -0.6 1.0 -11.128 4.640 1.456 -1.872 -8.320 1.664 
0.015975 1.0 -0.4 1.0 -8.688 3.640 1.176 -1.512 -6.720 1.344 
0.012250 1.0 -0.2 1.0 -6.512 2.760 0.924 -1.188 -5.280 1.056 
0.009031 1.0 0.0 1.0 -4.600 2.000 0.700 -0.900 -4.000 0.800 
0.006319 1.0 0.2 1.0 -2.952 1.360 0.504 -0.648 -2.880 0.576 
0.004114 1.0 0.4 1.0 -1.568 0.840 0.336 -0.432 -1.920 0.384 
0.002416 1.0 0.6 1.0 -0.448 0.440 0.196 -0.252 -1.120 0.224 
0.001225 1.0 0.8 1.0 0.408 0.160 0.084 -0.108 -0.480 0.096 
0.000540 1.0 1.0 1.0 1.000 0.000 0.000 0.000 0.000 0.000 
0.000362 1.0 1.2 1.0 1.328 -0.040 -0.056 0.072 0.320 -0.064 
0.000691 1.0 1.4 1.0 1.392 0.040 -0.084 0.108 0.480 -0.096 
0.001527 1.0 1.6 1.0 1.192 0.240 -0.084 0.108 0.480 -0.096 
0.002870 1.0 1.8 1.0 0.728 0.560 -0.056 0.072 0.320 -0.064 
0.004720 1.0 2.0 1.0 0.000 1.000 0.000 0.000 0.000 0.000 
0.007077 1.0 2.2 1.0 -0.992 1.560 0.084 -0.108 -0.480 0.096 
0.009940 1.0 2.4 1.0 -2.248 2.240 0.196 -0.252 -1.120 0.224 
0.013310 1.0 2.6 1.0 -3.768 3.040 0.336 -0.432 -1.920 0.384 
0.017187 1.0 2.8 1.0 -5.552 3.960 0.504 -0.648 -2.880 0.576 
0.021571 1.0 3.0 1.0 -7.600 5.000 0.700 -0.900 -4.000 0.800 
0.026462 1.0 3.2 1.0 -9.912 6.160 0.924 -1.188 -5.280 1.056 
0.031859 1.0 3.4 1.0 -12.488 7.440 1.176 -1.512 -6.720 1.344 
0.037764 1.0 3.6 1.0 -15.328 8.840 1.456 -1.872 -8.320 1.664 
0.044175 1.0 3.8 1.0 -18.432 10.360 1.764 -2.268 -10.080 2.016 
0.051093 1.0 4.0 1.0 -21.800 12.000 2.100 -2.700 -12.000 2.400 
0.058518 1.0 4.2 1.0 -25.432 13.760 2.464 -3.168 -14.080 2.816 
0.066450 1.0 4.4 1.0 -29.328 15.640 2.856 -3.672 -16.320 3.264 
0.074888 1.0 4.6 1.0 -33.488 17.640 3.276 -4.212 -18.720 3.744 
0.083834 1.0 4.8 1.0 -37.912 19.760 3.724 -4.788 -21.280 4.256 
0.093286 1.0 5.0 1.0 -42.600 22.000 4.200 -5.400 -24.000 4.800 
0.103245 1.0 5.2 1.0 -47.552 24.360 4.704 -6.048 -26.880 5.376 
0.113711 1.0 5.4 1.0 -52.768 26.840 5.236 -6.732 -29.920 5.984 
0.124684 1.0 5.6 1.0 -58.248 29.440 5.796 -7.452 -33.120 6.624 
0.136164 1.0 5.8 1.0 -63.992 32.160 6.384 -8.208 -36.480 7.296 
0.148150 1.0 6.0 1.0 -70.000 35.000 7.000 -9.000 -40.000 8.000 
0.160643 1.0 6.2 1.0 -76.272 37.960 7.644 -9.828 -43.680 8.736 
0.173643 1.0 6.4 1.0 -82.808 41.040 8.316 -10.692 -47.520 9.504 
0.187150 1.0 6.6 1.0 -89.608 44.240 9.016 -11.592 -51.520 10.304 
0.201164 1.0 6.8 1.0 -96.672 47.560 9.744 -12.528 -55.680 11.136 
0.215685 1.0 7.0 1.0 -104.000 51.000 10.500 -13.500 -60.000 12.000 
0.230713 1.0 7.2 1.0 -111.592 54.560 11.284 -14.508 -64.480 12.896 
0.246247 1.0 7.4 1.0 -119.448 58.240 12.096 -15.552 -69.120 13.824 
0.262288 1.0 7.6 1.0 -127.568 62.040 12.936 -16.632 -73.920 14.784 
