-28.00 3.35258
-27.50 3.24298
-27.00 3.13520
-26.50 3.02924
-26.00 2.92510
-25.50 2.82280
-25.00 2.72231
-24.50 2.62365
-24.00 2.52681
-23.50 2.43180
-23.00 2.33861
-22.50 2.24724
-22.00 2.15770
-21.50 2.06999
-21.00 1.98409
-20.50 1.90002
-20.00 1.81778
-19.50 1.73736
-19.00 1.65876
-18.50 1.58198
-18.00 1.50703
-17.50 1.43391
-17.00 1.36261
-16.50 1.29313
-16.00 1.22548
-15.50 1.15965
-15.00 1.09564
-14.50 1.03346
-14.00 0.97310
-13.50 0.91457
-13.00 0.85786
-12.50 0.80297
-12.00 0.74991
-11.50 0.69867
-11.00 0.64926
-10.50 0.60167
-10.00 0.55590
-9.50 0.51196
-9.00 0.46984
-8.50 0.42955
-8.00 0.39108
-7.50 0.35443
-7.00 0.31961
-6.50 0.28661
-6.00 0.25544
-5.50 0.22609
-5.00 0.19856
-4.50 0.17286
-4.00 0.14898
-3.50 0.12693
-3.00 0.10670
-2.50 0.08829
-2.00 0.07171
-1.50 0.05695
-1.00 0.04401
-0.50 0.03290
0.00 0.02362
0.50 0.01616
1.00 0.01052
1.50 0.00670
2.00 0.00471
2.50 0.00455
3.00 0.00620
3.50 0.00968
4.00 0.01499
4.50 0.02212
5.00 0.03107
5.50 0.04185
6.00 0.05445
6.50 0.06888
7.00 0.08512
7.50 0.10320
8.00 0.12310
8.50 0.14482
9.00 0.16836
9.50 0.19373
10.00 0.22092
10.50 0.24994
11.00 0.28078
11.50 0.31345
12.00 0.34794
12.50 0.38425
13.00 0.42239
13.50 0.46235
14.00 0.50413
14.50 0.54774
15.00 0.59317
15.50 0.64043
16.00 0.68951
16.50 0.74041
17.00 0.79314
17.50 0.84770
18.00 0.90407
18.50 0.96227
19.00 1.02230
19.50 1.08415
20.00 1.14782
20.50 1.21332
21.00 1.28064
21.50 1.34978
22.00 1.42075
22.50 1.49354
23.00 1.56816
23.50 1.64460
24.00 1.72286
24.50 1.80295
25.00 1.88486
25.50 1.96860
26.00 2.05416
26.50 2.14154
27.00 2.23075
27.50 2.32178
28.00 2.41464
