-3.00 0.957007
-2.95 0.891604
-2.90 0.829533
-2.85 0.770682
-2.80 0.714941
-2.75 0.662202
-2.70 0.612358
-2.65 0.565305
-2.60 0.520939
-2.55 0.479161
-2.50 0.439870
-2.45 0.402970
-2.40 0.368366
-2.35 0.335964
-2.30 0.305672
-2.25 0.277402
-2.20 0.251064
-2.15 0.226574
-2.10 0.203846
-2.05 0.182800
-2.00 0.163354
-1.95 0.145431
-1.90 0.128952
-1.85 0.113845
-1.80 0.100036
-1.75 0.087453
-1.70 0.076029
-1.65 0.065695
-1.60 0.056386
-1.55 0.048039
-1.50 0.040593
-1.45 0.033986
-1.40 0.028162
-1.35 0.023064
-1.30 0.018638
-1.25 0.014832
-1.20 0.011596
-1.15 0.008880
-1.10 0.006639
-1.05 0.004827
-1.00 0.003401
-0.95 0.002321
-0.90 0.001546
-0.85 0.001041
-0.80 0.000768
-0.75 0.000695
-0.70 0.000790
-0.65 0.001023
-0.60 0.001366
-0.55 0.001793
-0.50 0.002279
-0.45 0.002803
-0.40 0.003343
-0.35 0.003881
-0.30 0.004400
-0.25 0.004885
-0.20 0.005323
-0.15 0.005703
-0.10 0.006016
-0.05 0.006254
0.00 0.006411
0.05 0.006484
0.10 0.006471
0.15 0.006372
0.20 0.006189
0.25 0.005925
0.30 0.005587
0.35 0.005181
0.40 0.004717
0.45 0.004207
0.50 0.003663
0.55 0.003100
0.60 0.002535
0.65 0.001987
0.70 0.001477
0.75 0.001026
0.80 0.000659
0.85 0.000403
0.90 0.000285
0.95 0.000335
1.00 0.000585
1.05 0.001069
1.10 0.001822
1.15 0.002881
1.20 0.004286
1.25 0.006078
1.30 0.008300
1.35 0.010997
1.40 0.014215
1.45 0.018003
1.50 0.022412
1.55 0.027493
1.60 0.033302
1.65 0.039893
1.70 0.047326
1.75 0.055659
1.80 0.064955
1.85 0.075277
1.90 0.086690
1.95 0.099262
2.00 0.113061
2.05 0.128160
2.10 0.144630
2.15 0.162547
2.20 0.181986
2.25 0.203028
2.30 0.225751
2.35 0.250238
2.40 0.276573
2.45 0.304843
2.50 0.335134
2.55 0.367538
2.60 0.402144
2.65 0.439047
2.70 0.478342
2.75 0.520127
2.80 0.564499
2.85 0.611560
2.90 0.661414
2.95 0.714163
3.00 0.769916
