-5.00 0.244419 
-4.90 0.236573 
-4.80 0.228854 
-4.70 0.221264 
-4.60 0.213803 
-4.50 0.206469 
-4.40 0.199264 
-4.30 0.192187 
-4.20 0.185238 
-4.10 0.178417 
-4.00 0.171725 
-3.90 0.165161 
-3.80 0.158725 
-3.70 0.152417 
-3.60 0.146238 
-3.50 0.140186 
-3.40 0.134263 
-3.30 0.128468 
-3.20 0.122802 
-3.10 0.117263 
-3.00 0.111853 
-2.90 0.106571 
-2.80 0.101417 
-2.70 0.096392 
-2.60 0.091494 
-2.50 0.086725 
-2.40 0.082084 
-2.30 0.077572 
-2.20 0.073187 
-2.10 0.068931 
-2.00 0.064803 
-1.90 0.060803 
-1.80 0.056932 
-1.70 0.053188 
-1.60 0.049573 
-1.50 0.046086 
-1.40 0.042728 
-1.30 0.039497 
-1.20 0.036395 
-1.10 0.033421 
-1.00 0.030575 
-0.90 0.027857 
-0.80 0.025268 
-0.70 0.022807 
-0.60 0.020474 
-0.50 0.018269 
-0.40 0.016193 
-0.30 0.014244 
-0.20 0.012424 
-0.10 0.010733 
0.00 0.009169 
0.10 0.007734 
0.20 0.006426 
0.30 0.005247 
0.40 0.004197 
0.50 0.003274 
0.60 0.002480 
0.70 0.001814 
0.80 0.001276 
0.90 0.000866 
1.00 0.000585 
1.10 0.000432 
1.20 0.000407 
1.30 0.000510 
1.40 0.000742 
1.50 0.001101 
1.60 0.001589 
1.70 0.002205 
1.80 0.002950 
1.90 0.003822 
2.00 0.004823 
2.10 0.005952 
2.20 0.007209 
2.30 0.008595 
2.40 0.010108 
2.50 0.011750 
2.60 0.013520 
2.70 0.015419 
2.80 0.017445 
2.90 0.019600 
3.00 0.021883 
3.10 0.024294 
3.20 0.026834 
3.30 0.029501 
3.40 0.032297 
3.50 0.035221 
3.60 0.038274 
3.70 0.041454 
3.80 0.044763 
3.90 0.048200 
4.00 0.051765 
4.10 0.055458 
4.20 0.059280 
4.30 0.063230 
4.40 0.067308 
4.50 0.071514 
4.60 0.075849 
4.70 0.080311 
4.80 0.084902 
4.90 0.089622 
5.00 0.094469 
5.10 0.099445 
5.20 0.104548 
5.30 0.109780 
5.40 0.115141 
5.50 0.120629 
5.60 0.126246 
5.70 0.131991 
5.80 0.137864 
5.90 0.143865 
6.00 0.149995 
6.10 0.156253 
6.20 0.162639 
6.30 0.169153 
6.40 0.175796 
6.50 0.182566 
6.60 0.189465 
6.70 0.196492 
6.80 0.203648 
6.90 0.210931 
7.00 0.218343 
