-28.00 0.382022
-27.50 0.369247
-27.00 0.356689
-26.50 0.344349
-26.00 0.332226
-25.50 0.320321
-25.00 0.308633
-24.50 0.297163
-24.00 0.285910
-23.50 0.274875
-23.00 0.264057
-22.50 0.253457
-22.00 0.243074
-21.50 0.232909
-21.00 0.222961
-20.50 0.213231
-20.00 0.203718
-19.50 0.194423
-19.00 0.185345
-18.50 0.176485
-18.00 0.167842
-17.50 0.159417
-17.00 0.151209
-16.50 0.143219
-16.00 0.135446
-15.50 0.127891
-15.00 0.120553
-14.50 0.113433
-14.00 0.106530
-13.50 0.099845
-13.00 0.093377
-12.50 0.087127
-12.00 0.081094
-11.50 0.075279
-11.00 0.069681
-10.50 0.064301
-10.00 0.059138
-9.50 0.054193
-9.00 0.049465
-8.50 0.044955
-8.00 0.040662
-7.50 0.036587
-7.00 0.032729
-6.50 0.029089
-6.00 0.025666
-5.50 0.022461
-5.00 0.019473
-4.50 0.016703
-4.00 0.014150
-3.50 0.011815
-3.00 0.009697
-2.50 0.007797
-2.00 0.006114
-1.50 0.004649
-1.00 0.003401
-0.50 0.002371
0.00 0.001558
0.50 0.000963
1.00 0.000585
1.50 0.000425
2.00 0.000482
2.50 0.000757
3.00 0.001249
3.50 0.001959
4.00 0.002886
4.50 0.004031
5.00 0.005393
5.50 0.006973
6.00 0.008770
6.50 0.010785
7.00 0.013017
7.50 0.015467
8.00 0.018134
8.50 0.021019
9.00 0.024121
9.50 0.027441
10.00 0.030978
10.50 0.034733
11.00 0.038705
11.50 0.042895
12.00 0.047302
12.50 0.051927
13.00 0.056769
13.50 0.061829
14.00 0.067106
14.50 0.072601
15.00 0.078313
15.50 0.084243
16.00 0.090390
16.50 0.096755
17.00 0.103337
17.50 0.110137
18.00 0.117154
18.50 0.124389
19.00 0.131841
19.50 0.139511
20.00 0.147398
20.50 0.155503
21.00 0.163825
21.50 0.172365
22.00 0.181122
22.50 0.190097
23.00 0.199289
23.50 0.208699
24.00 0.218326
24.50 0.228171
25.00 0.238233
25.50 0.248513
26.00 0.259010
26.50 0.269725
27.00 0.280657
27.50 0.291807
28.00 0.303174
